60 0.90070382590764 0.11798964663669 0.02697072656306 0.0603036175977
8 0.87434113470996 0.11798964663669 0.02697087204851 0.0603036175977
7 0.85462887446082 0.11798964663669 0.013669864666 0.0603036175977
300 0.83157954167313 0.11798964663669 0.03364501712559 0.0603036175977
80 0.80271406425723 0.11798964663669 0.02530215392242 0.0603036175977
80 0.77802001844291 0.11798964663669 0.02530215392242 0.0603036175977
100 0.75165725450251 0.11798964663669 0.02863959017459 0.0603036175977
300 0.70810858517429 0.11798964663669 0.03364501712559 0.0603036175977
90 0.67924310775839 0.11798964663669 0.02530215392242 0.0603036175977
500 0.65454906194408 0.11798964663669 0.02530215392242 0.0603036175977
30 0.60463645889225 0.11798964663669 0.02368144599526 0.0603036175977
7 0.58656892985541 0.11798964663669 0.01366982829464 0.0603036175977
60 0.56685668779195 0.11798964663669 0.02697087204851 0.0603036175977
50 0.54547570941672 0.11798964663669 0.01700730091817 0.0603036175977
70 0.52492910829021 0.11798964663669 0.02530211755106 0.0603036175977
90 0.50023508066158 0.11798964663669 0.02530215392242 0.0603036175977
90 0.47554105303294 0.11798964663669 0.02530211755106 0.0603036175977
300 0.44667559380272 0.11798964663669 0.03364501712559 0.0603036175977
30 0.41862047035041 0.11798964663669 0.02368144599526 0.0603036175977
7 0.40055294131357 0.11798964663669 0.01366982829464 0.0603036175977
2 0.3808406992501 0.11798964663669 0.02697087204851 0.0603036175977
40 0.35283324046876 0.11798964663669 0.0302602617304 0.0603036175977
4 0.32566014075045 0.11798964663669 0.02530215392242 0.0603036175977
4 0.30096609493614 0.11798964663669 0.02530215392242 0.0603036175977
100 0.27460333099574 0.11798964663669 0.02863959017459 0.0603036175977
600 0.2474062079923 0.11798964663669 0.02697087204851 0.0603036175977
7 0.21467954669965 0.11798964663669 0.013669864666 0.0603036175977
700 0.20233288750612 0.11798964663669 0.01223966993727 0.0603036175977
600 0.900703862279 0.1751968538439 0.02697065382033 0.0603036175977
30 0.84995697290686 0.1751968538439 0.02368144599526 0.0603036175977
800 0.82607328105612 0.1751968538439 0.02530215392242 0.0603036175977
2 0.78753040239254 0.1751968538439 0.02697087204851 0.0603036175977
2 0.74815316466591 0.1751968538439 0.02697087204851 0.0603036175977
70 0.72262475978855 0.1751968538439 0.02530215392242 0.0603036175977
100 0.69626199584815 0.1751968538439 0.02863959017459 0.0603036175977
6 0.67571537653596 0.1751968538439 0.013669864666 0.0603036175977
200 0.65683747534986 0.1751968538439 0.02530215392242 0.0603036175977
200 0.63214342953554 0.1751968538439 0.02530215392242 0.0603036175977
9 0.60578066559514 0.1751968538439 0.02863959017459 0.0603036175977
70 0.57941790165474 0.1751968538439 0.02530215392242 0.0603036175977
6 0.56054000046864 0.1751968538439 0.013669864666 0.0603036175977
70 0.52864766186767 0.1751968538439 0.02530215392242 0.0603036175977
2 0.49010481957544 0.1751968538439 0.02697087204851 0.0603036175977
100 0.462907696572 0.1751968538439 0.02863959017459 0.0603036175977
3 0.44069237731941 0.1751968538439 0.01700726454681 0.0603036175977
70 0.40713132059235 0.1751968538439 0.02530211755106 0.0603036175977
10 0.38825343759193 0.1751968538439 0.013669864666 0.0603036175977
500 0.36937553640583 0.1751968538439 0.02530215392242 0.0603036175977
500 0.33166705317665 0.1751968538439 0.02530215392242 0.0603036175977
60 0.29312419269874 0.1751968538439 0.02697083567715 0.0603036175977
8 0.26676144694402 0.1751968538439 0.02697087204851 0.0603036175977
900 0.24123304206666 0.1751968538439 0.02530215392242 0.0603036175977
5 0.2025709017044 0.1751968538439 0.02720939544587 0.0603036175977
200 0.90153822134204 0.2324040610511 0.02530193569425 0.0603036175977
800 0.87684428464182 0.2324040610511 0.02530215392242 0.0603036175977
100 0.83746704691519 0.2324040610511 0.02863959017459 0.0603036175977
50 0.81525170947691 0.2324040610511 0.01700730091817 0.0603036175977
300 0.79053365856314 0.2324040610511 0.03364501712559 0.0603036175977
8 0.76083382208419 0.2324040610511 0.02697087204851 0.0603036175977
600 0.73447105814379 0.2324040610511 0.02697087204851 0.0603036175977
6 0.70174432410842 0.2324040610511 0.013669864666 0.0603036175977
5 0.68119770479623 0.2324040610511 0.02863959017459 0.0603036175977
700 0.66065108548404 0.2324040610511 0.013669864666 0.0603036175977
30 0.62956906447529 0.2324040610511 0.02368144599526 0.0603036175977
6 0.61150151725277 0.2324040610511 0.013669864666 0.0603036175977
900 0.59262361606667 0.2324040610511 0.02530215392242 0.0603036175977
9 0.5532464147114 0.2324040610511 0.02863959017459 0.0603036175977
8 0.52604929170796 0.2324040610511 0.02697087204851 0.0603036175977
800 0.50052090501628 0.2324040610511 0.02530211755106 0.0603036175977
700 0.46862854822963 0.2324040610511 0.013669864666 0.0603036175977
900 0.43673620962866 0.2324040610511 0.02530215392242 0.0603036175977
200 0.39902772639948 0.2324040610511 0.02530215392242 0.0603036175977
500 0.37433368058516 0.2324040610511 0.02530215392242 0.0603036175977
700 0.34244134198419 0.2324040610511 0.013669864666 0.0603036175977
8 0.30971464432018 0.2324040610511 0.02697087204851 0.0603036175977
80 0.28418623944282 0.2324040610511 0.02530215392242 0.0603036175977
300 0.25532076202692 0.2324040610511 0.03364501712559 0.0603036175977
200 0.22717038197539 0.2324040610511 0.0238719591937 0.0603036175977
500 0.90153822134204 0.28961126825831 0.02530193569425 0.0603036175977
70 0.86382981085559 0.28961126825831 0.02530215392242 0.0603036175977
1 0.83746704691519 0.28961126825831 0.02863959017459 0.0603036175977
100 0.8094355648487 0.28961126825831 0.02863959017459 0.0603036175977
300 0.77890136930671 0.28961126825831 0.03364501712559 0.0603036175977
3 0.75418331839294 0.28961126825831 0.01700730091817 0.0603036175977
500 0.73363669908075 0.28961126825831 0.02530215392242 0.0603036175977
7 0.70174432410842 0.28961126825831 0.013669864666 0.0603036175977
7 0.6756680937643 0.28961126825831 0.013669864666 0.0603036175977
100 0.64210700066588 0.28961126825831 0.02863959017459 0.0603036175977
90 0.61574423672548 0.28961126825831 0.02530215392242 0.0603036175977
800 0.59105019091116 0.28961126825831 0.02530215392242 0.0603036175977
1 0.5516729895559 0.28961126825831 0.02863959017459 0.0603036175977
500 0.5253102256155 0.28961126825831 0.02530215392242 0.0603036175977
800 0.47458726860009 0.28961126825831 0.02530215392242 0.0603036175977
70 0.43687878537091 0.28961126825831 0.02530215392242 0.0603036175977
60 0.41135039867923 0.28961126825831 0.02697083567715 0.0603036175977
60 0.38498765292451 0.28961126825831 0.02697087204851 0.0603036175977
7 0.36527539267536 0.28961126825831 0.013669864666 0.0603036175977
90 0.34639750967494 0.28961126825831 0.02530211755106 0.0603036175977
600 0.32086912298327 0.28961126825831 0.02697087204851 0.0603036175977
900 0.28232628069104 0.28961126825831 0.02530215392242 0.0603036175977
80 0.23160328730427 0.28961126825831 0.02530215392242 0.0603036175977
800 0.20762433885432 0.28961126825831 0.0238719591937 0.0603036175977
40 0.89905911288101 0.34681847546552 0.03026015261631 0.0603036175977
90 0.87188606771975 0.34681847546552 0.02530215392242 0.0603036175977
3 0.85133944840756 0.34681847546552 0.01700730091817 0.0603036175977
70 0.83079282909537 0.34681847546552 0.02530215392242 0.0603036175977
9 0.79141559136875 0.34681847546552 0.02863959017459 0.0603036175977
60 0.7642184683653 0.34681847546552 0.02697087204851 0.0603036175977
900 0.73869006348794 0.34681847546552 0.02530215392242 0.0603036175977
600 0.70014718482436 0.34681847546552 0.02697087204851 0.0603036175977
9 0.65993558803469 0.34681847546552 0.02863959017459 0.0603036175977
20 0.63357284227997 0.34681847546552 0.02530211755106 0.0603036175977
5 0.60721009652525 0.34681847546552 0.02863959017459 0.0603036175977
200 0.58084735077053 0.34681847546552 0.02530211755106 0.0603036175977
4 0.5561533231419 0.34681847546552 0.02530215392242 0.0603036175977
10 0.53727542195579 0.34681847546552 0.013669864666 0.0603036175977
5 0.51672882082928 0.34681847546552 0.02863955380323 0.0603036175977
2 0.48953171601152 0.34681847546552 0.02697087204851 0.0603036175977
10 0.46981947394806 0.34681847546552 0.01366982829464 0.0603036175977
300 0.44677015934605 0.34681847546552 0.03364501712559 0.0603036175977
5 0.41623596380406 0.34681847546552 0.02863959017459 0.0603036175977
6 0.39568936267756 0.34681847546552 0.01366982829464 0.0603036175977
10 0.38262762430535 0.34681847546552 0.013669864666 0.0603036175977
2 0.36291538224188 0.34681847546552 0.02697083567715 0.0603036175977
600 0.33655263648716 0.34681847546552 0.02697087204851 0.0603036175977
50 0.3021571843257 0.34681847546552 0.01700730091817 0.0603036175977
40 0.27913149292384 0.34681847546552 0.03026029810176 0.0603036175977
8 0.25112405232818 0.34681847546552 0.02697079930578 0.0603036175977
40 0.22311661173252 0.34681847546552 0.03026029810176 0.0603036175977
300 0.19177206222695 0.34681847546552 0.03364501712559 0.0603036175977
3 0.16776910867754 0.34681847546552 0.01557710618945 0.0603036175977
20 0.90153822134204 0.40402568267272 0.02530193569425 0.0603036175977
700 0.88266042927003 0.40402568267272 0.013669864666 0.0603036175977
10 0.84356972513968 0.40402568267272 0.013669864666 0.0603036175977
400 0.80836391901463 0.40402568267272 0.03192901622785 0.0603036175977
60 0.76650760919834 0.40402568267272 0.02697087204851 0.0603036175977
50 0.7451266308231 0.40402568267272 0.01700730091817 0.0603036175977
400 0.7212665803582 0.40402568267272 0.03192901622785 0.0603036175977
900 0.69325910339118 0.40402568267272 0.02530215392242 0.0603036175977
400 0.65223715263792 0.40402568267272 0.03192901622785 0.0603036175977
100 0.62256095754481 0.40402568267272 0.02863959017459 0.0603036175977
800 0.59619819360441 0.40402568267272 0.02530215392242 0.0603036175977
3 0.56263713687735 0.40402568267272 0.01700730091817 0.0603036175977
1 0.52740734383853 0.40402568267272 0.02863955380323 0.0603036175977
2 0.50021023902077 0.40402568267272 0.02697087204851 0.0603036175977
400 0.4713684029907 0.40402568267272 0.03192901622785 0.0603036175977
400 0.44004751305665 0.40402568267272 0.03192897985648 0.0603036175977
1 0.41037133614922 0.40402568267272 0.02863959017459 0.0603036175977
1 0.38233987226841 0.40402568267272 0.02863955380323 0.0603036175977
80 0.35597712651369 0.40402568267272 0.02530215392242 0.0603036175977
300 0.32711164909779 0.40402568267272 0.03364501712559 0.0603036175977
50 0.30239359818402 0.40402568267272 0.01700730091817 0.0603036175977
500 0.28184701524319 0.40402568267272 0.0253020811797 0.0603036175977
5 0.24246981388792 0.40402568267272 0.02863959017459 0.0603036175977
60 0.21598778824884 0.40402568267272 0.02554067731978 0.0603036175977
5 0.89986950321596 0.46123288987993 0.02863937194642 0.0603036175977
90 0.87350684838964 0.46123288987993 0.02530215392242 0.0603036175977
2 0.84797844351229 0.46123288987993 0.02697087204851 0.0603036175977
3 0.82659746513705 0.46123288987993 0.01700730091817 0.0603036175977
80 0.80605084582487 0.46123288987993 0.02530215392242 0.0603036175977
400 0.77804336885784 0.46123288987993 0.03192901622785 0.0603036175977
100 0.74836717376473 0.46123288987993 0.02863959017459 0.0603036175977
50 0.72615183632645 0.46123288987993 0.01700730091817 0.0603036175977
30 0.70641557097785 0.46123288987993 0.02368144599526 0.0603036175977
10 0.68834802375533 0.46123288987993 0.013669864666 0.0603036175977
700 0.67528626719743 0.46123288987993 0.013669864666 0.0603036175977
1 0.64172517409902 0.46123288987993 0.02863959017459 0.0603036175977
700 0.62117855478683 0.46123288987993 0.013669864666 0.0603036175977
8 0.58845182075145 0.46123288987993 0.02697087204851 0.0603036175977
400 0.55961000290706 0.46123288987993 0.03192897985648 0.0603036175977
1 0.52993382599963 0.46123288987993 0.02863959017459 0.0603036175977
200 0.50357106205923 0.46123288987993 0.02530215392242 0.0603036175977
500 0.4788770344306 0.46123288987993 0.02530211755106 0.0603036175977
10 0.44698467764395 0.46123288987993 0.013669864666 0.0603036175977
50 0.43225422114565 0.46123288987993 0.01700726454681 0.0603036175977
70 0.41170762001915 0.46123288987993 0.02530215392242 0.0603036175977
80 0.38701359239051 0.46123288987993 0.02530211755106 0.0603036175977
6 0.36813570939009 0.46123288987993 0.013669864666 0.0603036175977
3 0.35340523470611 0.46123288987993 0.01700730091817 0.0603036175977
600 0.31900981891601 0.46123288987993 0.02697087204851 0.0603036175977
1 0.26578378471148 0.46123288987993 0.02863959017459 0.0603036175977
50 0.2435684472732 0.46123288987993 0.01700730091817 0.0603036175977
2 0.22218746889797 0.46123288987993 0.02697087204851 0.0603036175977
100 0.19499038226589 0.46123288987993 0.02863951743187 0.0603036175977
800 0.16934275206121 0.46123288987993 0.0238719591937 0.0603036175977
9 0.89986950321596 0.51844009708714 0.02863937194642 0.0603036175977
7 0.87932299301786 0.51844009708714 0.013669864666 0.0603036175977
8 0.85961073276871 0.51844009708714 0.02697087204851 0.0603036175977
6 0.83989847251956 0.51844009708714 0.013669864666 0.0603036175977
4 0.82102057133346 0.51844009708714 0.02530215392242 0.0603036175977
6 0.80214267014736 0.51844009708714 0.013669864666 0.0603036175977
7 0.77606643980324 0.51844009708714 0.013669864666 0.0603036175977
80 0.7441740648309 0.51844009708714 0.02530215392242 0.0603036175977
7 0.7252961636448 0.51844009708714 0.013669864666 0.0603036175977
600 0.70558390339565 0.51844009708714 0.02697087204851 0.0603036175977
9 0.65235783281975 0.51844009708714 0.02863959017459 0.0603036175977
9 0.62432635075327 0.51844009708714 0.02863959017459 0.0603036175977
700 0.59076529402621 0.51844009708714 0.013669864666 0.0603036175977
1 0.55720421911347 0.51844009708714 0.02863955380323 0.0603036175977
10 0.53665761798697 0.51844009708714 0.013669864666 0.0603036175977
4 0.51777971680086 0.51844009708714 0.02530215392242 0.0603036175977
30 0.49389604313581 0.51844009708714 0.02368140962389 0.0603036175977
8 0.46917801040772 0.51844009708714 0.02697087204851 0.0603036175977
2 0.442815264653 0.51844009708714 0.02697083567715 0.0603036175977
600 0.40343804511205 0.51844009708714 0.02697087204851 0.0603036175977
1 0.3502120290932 0.51844009708714 0.02863955380323 0.0603036175977
6 0.32966542796669 0.51844009708714 0.013669864666 0.0603036175977
80 0.31078752678058 0.51844009708714 0.02530215392242 0.0603036175977
800 0.28609348096627 0.51844009708714 0.02530215392242 0.0603036175977
10 0.24118670495043 0.51844009708714 0.013669864666 0.0603036175977
50 0.22645623026646 0.51844009708714 0.01700730091817 0.0603036175977
5 0.20424089282818 0.51844009708714 0.02863959017459 0.0603036175977
700 0.18440937088036 0.51844009708714 0.01223966993727 0.0603036175977
3 0.9056856114728 0.57564730429435 0.01700715543272 0.0603036175977
40 0.88265999281367 0.57564730429435 0.03026029810176 0.0603036175977
8 0.85465251584665 0.57564730429435 0.02697087204851 0.0603036175977
600 0.82828975190625 0.57564730429435 0.02697087204851 0.0603036175977
9 0.78807815511657 0.57564730429435 0.02863959017459 0.0603036175977
2 0.7478665583269 0.57564730429435 0.02697087204851 0.0603036175977
6 0.72815429807776 0.57564730429435 0.013669864666 0.0603036175977
900 0.70927639689165 0.57564730429435 0.02530215392242 0.0603036175977
2 0.67073351822807 0.57564730429435 0.02697087204851 0.0603036175977
30 0.64601548549997 0.57564730429435 0.02368140962389 0.0603036175977
40 0.61965273974525 0.57564730429435 0.03026029810176 0.0603036175977
60 0.59164528096391 0.57564730429435 0.02697083567715 0.0603036175977
90 0.553102420486 0.57564730429435 0.02530215392242 0.0603036175977
70 0.52840839285737 0.57564730429435 0.02530211755106 0.0603036175977
8 0.50288000616569 0.57564730429435 0.02697087204851 0.0603036175977
5 0.47568290134793 0.57564730429435 0.02863955380323 0.0603036175977
1 0.4346369636809 0.57564730429435 0.02863959017459 0.0603036175977
400 0.40496078677347 0.57564730429435 0.03192897985648 0.0603036175977
80 0.37695332799212 0.57564730429435 0.02530215392242 0.0603036175977
700 0.3580754449917 0.57564730429435 0.01366982829464 0.0603036175977
6 0.33199923283326 0.57564730429435 0.013669864666 0.0603036175977
500 0.30010687604661 0.57564730429435 0.02530219029379 0.0603036175977
90 0.26239841100311 0.57564730429435 0.02530215392242 0.0603036175977
10 0.24352050981701 0.57564730429435 0.013669864666 0.0603036175977
8 0.22380824956786 0.57564730429435 0.02697087204851 0.0603036175977
6 0.19108155190385 0.57564730429435 0.01366979192327 0.0603036175977
100 0.17053496896302 0.57564730429435 0.02863959017459 0.0603036175977
800 0.14488730238699 0.57564730429435 0.0238719591937 0.0603036175977
60 0.900703862279 0.63285451150155 0.02697065382033 0.0603036175977
7 0.88099171114394 0.63285451150155 0.013669864666 0.0603036175977
7 0.86792995458605 0.63285451150155 0.013669864666 0.0603036175977
6 0.85486819802816 0.63285451150155 0.013669864666 0.0603036175977
80 0.83599029684205 0.63285451150155 0.02530215392242 0.0603036175977
20 0.81129625102774 0.63285451150155 0.02530215392242 0.0603036175977
80 0.78660220521342 0.63285451150155 0.02530215392242 0.0603036175977
50 0.76605558590123 0.63285451150155 0.01700730091817 0.0603036175977
10 0.75132511121726 0.63285451150155 0.013669864666 0.0603036175977
400 0.72913377887844 0.63285451150155 0.03192901622785 0.0603036175977
60 0.70029194284837 0.63285451150155 0.02697087204851 0.0603036175977
2 0.67392917890797 0.63285451150155 0.02697087204851 0.0603036175977
500 0.64840077403062 0.63285451150155 0.02530215392242 0.0603036175977
900 0.61069225443007 0.63285451150155 0.02530215392242 0.0603036175977
90 0.57298375301521 0.63285451150155 0.02530211755106 0.0603036175977
5 0.54662100726049 0.63285451150155 0.02863959017459 0.0603036175977
600 0.51942388425705 0.63285451150155 0.02697087204851 0.0603036175977
70 0.48088104196482 0.63285451150155 0.02530215392242 0.0603036175977
30 0.45699735011409 0.63285451150155 0.02368144599526 0.0603036175977
700 0.43892982107725 0.63285451150155 0.01366982829464 0.0603036175977
400 0.40372405132357 0.63285451150155 0.03192897985648 0.0603036175977
8 0.37488223347918 0.63285451150155 0.02697087204851 0.0603036175977
100 0.34768511047574 0.63285451150155 0.02863959017459 0.0603036175977
600 0.32048800565798 0.63285451150155 0.02697083567715 0.0603036175977
80 0.28194518155144 0.63285451150155 0.02530215392242 0.0603036175977
6 0.26306728036533 0.63285451150155 0.013669864666 0.0603036175977
8 0.23034054632996 0.63285451150155 0.02697087204851 0.0603036175977
600 0.20469287975392 0.63285451150155 0.02554067731978 0.0603036175977
6 0.90735436597025 0.69006171870876 0.01366964643782 0.0603036175977
30 0.88928692786182 0.69006171870876 0.02368144599526 0.0603036175977
800 0.86540323601109 0.69006171870876 0.02530215392242 0.0603036175977
90 0.82769471641055 0.69006171870876 0.02530215392242 0.0603036175977
2 0.80216631153319 0.69006171870876 0.02697087204851 0.0603036175977
8 0.77580354759279 0.69006171870876 0.02697087204851 0.0603036175977
600 0.74944078365239 0.69006171870876 0.02697087204851 0.0603036175977
500 0.69788343120257 0.69006171870876 0.02530215392242 0.0603036175977
60 0.65934055253898 0.69006171870876 0.02697087204851 0.0603036175977
60 0.63297778859858 0.69006171870876 0.02697087204851 0.0603036175977
2 0.60661502465818 0.69006171870876 0.02697087204851 0.0603036175977
70 0.5680721459946 0.69006171870876 0.02530215392242 0.0603036175977
30 0.54418847232955 0.69006171870876 0.02368140962389 0.0603036175977
10 0.52612094329271 0.69006171870876 0.013669864666 0.0603036175977
800 0.50724306029229 0.69006171870876 0.02530211755106 0.0603036175977
700 0.47535070350563 0.69006171870876 0.013669864666 0.0603036175977
5 0.44178964677858 0.69006171870876 0.02863959017459 0.0603036175977
6 0.42124304565207 0.69006171870876 0.01366982829464 0.0603036175977
10 0.40818130727986 0.69006171870876 0.013669864666 0.0603036175977
700 0.38210509512142 0.69006171870876 0.01366982829464 0.0603036175977
70 0.35021273833477 0.69006171870876 0.02530215392242 0.0603036175977
8 0.32468435164309 0.69006171870876 0.02697083567715 0.0603036175977
4 0.28614149116519 0.69006171870876 0.02530215392242 0.0603036175977
600 0.26061308628783 0.69006171870876 0.02697087204851 0.0603036175977
400 0.21875684921426 0.69006171870876 0.03192901622785 0.0603036175977
100 0.18908065412115 0.69006171870876 0.02863959017459 0.0603036175977
50 0.16686531668287 0.69006171870876 0.01700730091817 0.0603036175977
800 0.14703379473505 0.69006171870876 0.0238719591937 0.0603036175977
9 0.89986946684459 0.74726892591597 0.02863944468914 0.0603036175977
100 0.87183805752083 0.74726892591597 0.02863959017459 0.0603036175977
100 0.84380657545435 0.74726892591597 0.02863959017459 0.0603036175977
800 0.81744381151395 0.74726892591597 0.02530215392242 0.0603036175977
200 0.7797352919134 0.74726892591597 0.02530215392242 0.0603036175977
400 0.75172781494638 0.74726892591597 0.03192901622785 0.0603036175977
5 0.72205161985326 0.74726892591597 0.02863959017459 0.0603036175977
500 0.68267438212664 0.74726892591597 0.02530215392242 0.0603036175977
800 0.64496586252609 0.74726892591597 0.02530215392242 0.0603036175977
700 0.61307352392512 0.74726892591597 0.013669864666 0.0603036175977
40 0.56568763944826 0.74726892591597 0.03026029810176 0.0603036175977
400 0.53520110857724 0.74726892591597 0.03192897985648 0.0603036175977
1 0.50552493166981 0.74726892591597 0.02863959017459 0.0603036175977
500 0.47916218591509 0.74726892591597 0.02530211755106 0.0603036175977
700 0.44726982912844 0.74726892591597 0.013669864666 0.0603036175977
800 0.41537749052747 0.74726892591597 0.02530215392242 0.0603036175977
3 0.38181643380042 0.74726892591597 0.01700730091817 0.0603036175977
6 0.36708595911644 0.74726892591597 0.013669864666 0.0603036175977
300 0.34403664451443 0.74726892591597 0.03364498075423 0.0603036175977
300 0.31099973549695 0.74726892591597 0.03364505349696 0.0603036175977
5 0.26745112072577 0.74726892591597 0.02863959017459 0.0603036175977
8 0.24025399772233 0.74726892591597 0.02697087204851 0.0603036175977
40 0.19923204696908 0.74726892591597 0.03026029810176 0.0603036175977
40 0.16957989334679 0.74726892591597 0.03026022535903 0.0603036175977
700 0.14822295644238 0.74726892591597 0.013669864666 0.0603036175977
50 0.12047800797217 0.74726892591597 0.01700730091817 0.0603036175977
900 0.10064648602435 0.74726892591597 0.0238719591937 0.0603036175977
60 0.900703862279 0.80447613312318 0.02697065382033 0.0603036175977
10 0.88099171114394 0.80447613312318 0.013669864666 0.0603036175977
30 0.84990969013519 0.80447613312318 0.02368144599526 0.0603036175977
100 0.81134280637215 0.80447613312318 0.02863959017459 0.0603036175977
60 0.7841456833687 0.80447613312318 0.02697087204851 0.0603036175977
70 0.75861727849134 0.80447613312318 0.02530215392242 0.0603036175977
2 0.73308887361399 0.80447613312318 0.02697087204851 0.0603036175977
50 0.71170789523876 0.80447613312318 0.01700730091817 0.0603036175977
20 0.69116127592657 0.80447613312318 0.02530215392242 0.0603036175977
9 0.66479851198617 0.80447613312318 0.02863959017459 0.0603036175977
20 0.62542127425954 0.80447613312318 0.02530215392242 0.0603036175977
100 0.59905851031914 0.80447613312318 0.02863959017459 0.0603036175977
20 0.57269574637874 0.80447613312318 0.02530215392242 0.0603036175977
6 0.54080338959208 0.80447613312318 0.01366982829464 0.0603036175977
7 0.52774165121987 0.80447613312318 0.013669864666 0.0603036175977
7 0.51467991284766 0.80447613312318 0.01366982829464 0.0603036175977
3 0.49994945634937 0.80447613312318 0.01700730091817 0.0603036175977
20 0.47940283703718 0.80447613312318 0.02530215392242 0.0603036175977
10 0.44751049843621 0.80447613312318 0.013669864666 0.0603036175977
600 0.42779825637274 0.80447613312318 0.02697083567715 0.0603036175977
60 0.3884210368318 0.80447613312318 0.02697087204851 0.0603036175977
20 0.36289265014012 0.80447613312318 0.02530211755106 0.0603036175977
200 0.33819862251149 0.80447613312318 0.02530215392242 0.0603036175977
200 0.31350459488285 0.80447613312318 0.02530211755106 0.0603036175977
200 0.28881056725422 0.80447613312318 0.02530215392242 0.0603036175977
20 0.2641165214399 0.80447613312318 0.02530215392242 0.0603036175977
20 0.22640800183936 0.80447613312318 0.02530215392242 0.0603036175977
100 0.20004527427032 0.80447613312318 0.02863951743187 0.0603036175977
900 0.17368254670128 0.80447613312318 0.02530215392242 0.0603036175977
300 0.13180259549916 0.80447613312318 0.03364501712559 0.0603036175977
800 0.10365221544762 0.80447613312318 0.0238719591937 0.0603036175977
8 0.900703862279 0.86168334033038 0.02697065382033 0.0603036175977
700 0.88099171114394 0.86168334033038 0.013669864666 0.0603036175977
5 0.84743061804552 0.86168334033038 0.02863959017459 0.0603036175977
50 0.82521528060725 0.86168334033038 0.01700730091817 0.0603036175977
6 0.81048480592327 0.86168334033038 0.013669864666 0.0603036175977
90 0.79160690473717 0.86168334033038 0.02530215392242 0.0603036175977
10 0.77272900355106 0.86168334033038 0.013669864666 0.0603036175977
9 0.73916791045265 0.86168334033038 0.02863959017459 0.0603036175977
3 0.71695257301437 0.86168334033038 0.01700730091817 0.0603036175977
400 0.69309252254947 0.86168334033038 0.03192901622785 0.0603036175977
40 0.64959149970655 0.86168334033038 0.03026029810176 0.0603036175977
20 0.62241838180256 0.86168334033038 0.02530215392242 0.0603036175977
3 0.60187176249038 0.86168334033038 0.01700730091817 0.0603036175977
70 0.58132516136387 0.86168334033038 0.02530211755106 0.0603036175977
5 0.55496241560915 0.86168334033038 0.02863959017459 0.0603036175977
300 0.51141376446662 0.86168334033038 0.03364498075423 0.0603036175977
10 0.48836444986461 0.86168334033038 0.013669864666 0.0603036175977
600 0.46865218961546 0.86168334033038 0.02697087204851 0.0603036175977
6 0.43592549195145 0.86168334033038 0.013669864666 0.0603036175977
100 0.41537889082494 0.86168334033038 0.02863955380323 0.0603036175977
600 0.38818178600718 0.86168334033038 0.02697087204851 0.0603036175977
800 0.34963892552927 0.86168334033038 0.02530211755106 0.0603036175977
500 0.31193044230009 0.86168334033038 0.02530211755106 0.0603036175977
3 0.27836936738736 0.86168334033038 0.01700730091817 0.0603036175977
500 0.25782274807517 0.86168334033038 0.02530215392242 0.0603036175977
900 0.22011426484599 0.86168334033038 0.0253020811797 0.0603036175977
600 0.18157142255376 0.86168334033038 0.02697087204851 0.0603036175977
6 0.14884468851839 0.86168334033038 0.013669864666 0.0603036175977
60 0.1291324646406 0.86168334033038 0.02697079930578 0.0603036175977
100 0.10265047537289 0.86168334033038 0.02720939544587 0.0603036175977
