90 0.88471918936603 0.15821319141903 0.05893999964627 0.13129124770293
300 0.81977186518025 0.15821319141903 0.07771140548204 0.13129124770293
1 0.75106996158215 0.15821319141903 0.06644915847093 0.13129124770293
200 0.69175379727329 0.15821319141903 0.05893992690354 0.13129124770293
8 0.60503241120863 0.15821319141903 0.0626945790586 0.13129124770293
50 0.52764271658807 0.15821319141903 0.04027654401534 0.13129124770293
30 0.48323613773939 0.15821319141903 0.05529337043878 0.13129124770293
9 0.39646072201526 0.15821319141903 0.06644919484229 0.13129124770293
80 0.33714452133504 0.15821319141903 0.05893996327491 0.13129124770293
70 0.28158295462419 0.15821319141903 0.05893992690354 0.13129124770293
60 0.22575302181279 0.15821319141903 0.05947669547601 0.13129124770293
5 0.8809646099537 0.26070943766528 0.06644915847093 0.13129124770293
200 0.82164842745916 0.26070943766528 0.05893996327491 0.13129124770293
70 0.76608684256264 0.26070943766528 0.05893996327491 0.13129124770293
400 0.70307005575819 0.26070943766528 0.07385036709074 0.13129124770293
500 0.64005326895374 0.26070943766528 0.05893996327491 0.13129124770293
9 0.55145453862587 0.26070943766528 0.06644915847093 0.13129124770293
80 0.49213835613133 0.26070943766528 0.05893996327491 0.13129124770293
5 0.43282215545111 0.26070943766528 0.06644919484229 0.13129124770293
10 0.38659229837005 0.26070943766528 0.03276727607659 0.13129124770293
60 0.34223974918083 0.26070943766528 0.0626945790586 0.13129124770293
200 0.28640983455512 0.26070943766528 0.05572200694959 0.13129124770293
4 0.88471918936603 0.36320568391153 0.05893999964627 0.13129124770293
300 0.81977188336594 0.36320568391153 0.07771136911068 0.13129124770293
400 0.74736937545792 0.36320568391153 0.07385040346211 0.13129124770293
600 0.68247528076163 0.36320568391153 0.06269454268724 0.13129124770293
40 0.56089345284756 0.36320568391153 0.07009575130705 0.13129124770293
6 0.51284029934844 0.36320568391153 0.03276731244796 0.13129124770293
50 0.47969674949517 0.36320568391153 0.04027654401534 0.13129124770293
500 0.43346689241411 0.36320568391153 0.05893992690354 0.13129124770293
3 0.32867197603774 0.36320568391153 0.04027654401534 0.13129124770293
600 0.28217373467044 0.36320568391153 0.05947669547601 0.13129124770293
40 0.87914129534996 0.46570193015777 0.07009578767841 0.13129124770293
1 0.81424718246798 0.46570193015777 0.06644919484229 0.13129124770293
800 0.72564845214011 0.46570193015777 0.05893992690354 0.13129124770293
4 0.6408043739673 0.46570193015777 0.05893996327491 0.13129124770293
3 0.56529198723858 0.46570193015777 0.04027654401534 0.13129124770293
200 0.48977958232419 0.46570193015777 0.05893992690354 0.13129124770293
6 0.44730434102681 0.46570193015777 0.03276731244796 0.13129124770293
60 0.40456073362889 0.46570193015777 0.05947665910465 0.13129124770293
50 0.89405091718149 0.56819817640402 0.04027654401534 0.13129124770293
500 0.84782104191475 0.56819817640402 0.05893996327491 0.13129124770293
80 0.76297692737057 0.56819817640402 0.05893992690354 0.13129124770293
2 0.70553807095356 0.56819817640402 0.06269454268724 0.13129124770293
50 0.62814836724016 0.56819817640402 0.04027652582966 0.13129124770293
1 0.5781638943754 0.56819817640402 0.06644917665661 0.13129124770293
900 0.51884770278803 0.56819817640402 0.05893996327491 0.13129124770293
100 0.43185795062281 0.56819817640402 0.06323127488834 0.13129124770293
80 0.88471918936603 0.67069442265027 0.05893999964627 0.13129124770293
400 0.8217023843759 0.67069442265027 0.07385036709074 0.13129124770293
50 0.76801730720124 0.67069442265027 0.04027654401534 0.13129124770293
5 0.71803283433648 0.67069442265027 0.06644915847093 0.13129124770293
4 0.65871667002763 0.67069442265027 0.05893992690354 0.13129124770293
50 0.61248681294657 0.67069442265027 0.04027654401534 0.13129124770293
400 0.5588017357719 0.67069442265027 0.07385036709074 0.13129124770293
60 0.46462509324228 0.67069442265027 0.0626945790586 0.13129124770293
200 0.40718621863958 0.67069442265027 0.05893992690354 0.13129124770293
600 0.34974734403689 0.67069442265027 0.0626945790586 0.13129124770293
5 0.2299887943552 0.67069442265027 0.06644915847093 0.13129124770293
600 0.17040424576011 0.67069442265027 0.05947669547601 0.13129124770293
700 0.89780549659382 0.77319066889651 0.03276738519068 0.13129124770293
5 0.79301058021746 0.77319066889651 0.06644915847093 0.13129124770293
6 0.7467807231364 0.77319066889651 0.03276731244796 0.13129124770293
8 0.70242817394718 0.77319066889651 0.06269454268724 0.13129124770293
300 0.6356035964266 0.77319066889651 0.07771136911068 0.13129124770293
5 0.56690169282849 0.77319066889651 0.06644919484229 0.13129124770293
5 0.50383087636458 0.77319066889651 0.06644919484229 0.13129124770293
80 0.44451469387004 0.77319066889651 0.05893992690354 0.13129124770293
8 0.38707581926735 0.77319066889651 0.0626945790586 0.13129124770293
600 0.32775963677281 0.77319066889651 0.06269454268724 0.13129124770293
60 0.23916092463062 0.77319066889651 0.06269446994451 0.13129124770293
500 0.18333106456195 0.77319066889651 0.05572200694959 0.13129124770293
30 0.88654252215545 0.87568691514276 0.05529333406742 0.13129124770293
4 0.83280425186267 0.87568691514276 0.05893996327491 0.13129124770293
8 0.7460828203338 0.87568691514276 0.06269456087292 0.13129124770293
200 0.68864394573111 0.87568691514276 0.05893994508923 0.13129124770293
8 0.63120506203558 0.87568691514276 0.0626945790586 0.13129124770293
200 0.54448365778524 0.87568691514276 0.05893996327491 0.13129124770293
700 0.50361735827916 0.87568691514276 0.029549392494 0.13129124770293
