40 0.87914127716428 0.15821319141903 0.07009582404978 0.13129124770293
20 0.81800176188031 0.15821319141903 0.05893996327491 0.13129124770293
800 0.76244017698379 0.15821319141903 0.05893996327491 0.13129124770293
700 0.66139989457679 0.15821319141903 0.03276731244796 0.13129124770293
40 0.5840642296157 0.15821319141903 0.07009575130705 0.13129124770293
3 0.53225646033288 0.15821319141903 0.04027654401534 0.13129124770293
400 0.47857138315822 0.15821319141903 0.07385036709074 0.13129124770293
40 0.40997668415202 0.15821319141903 0.07009578767841 0.13129124770293
100 0.34508257127005 0.15821319141903 0.06644919484229 0.13129124770293
400 0.25063758082555 0.15821319141903 0.07063251987952 0.13129124770293
30 0.88654248578409 0.26070943766528 0.05529340681015 0.13129124770293
10 0.84589050453342 0.26070943766528 0.03276731244796 0.13129124770293
100 0.79966064745236 0.26070943766528 0.06644915847093 0.13129124770293
10 0.7534307903713 0.26070943766528 0.03276731244796 0.13129124770293
70 0.71095554907393 0.26070943766528 0.05893992690354 0.13129124770293
6 0.66848030777656 0.26070943766528 0.03276731244796 0.13129124770293
4 0.59672255501721 0.26070943766528 0.05893992690354 0.13129124770293
70 0.54116098830637 0.26070943766528 0.05893996327491 0.13129124770293
7 0.498685747009 0.26070943766528 0.03276727607659 0.13129124770293
500 0.45621050571163 0.26070943766528 0.05893996327491 0.13129124770293
9 0.36761177538376 0.26070943766528 0.06644915847093 0.13129124770293
70 0.3082956110749 0.26070943766528 0.05893992690354 0.13129124770293
8 0.25085675465789 0.26070943766528 0.06269454268724 0.13129124770293
3 0.17507600182862 0.26070943766528 0.03705855131866 0.13129124770293
800 0.88471918936603 0.36320568391153 0.05893999964627 0.13129124770293
70 0.79987509300753 0.36320568391153 0.05893992690354 0.13129124770293
7 0.75739985171016 0.36320568391153 0.03276731244796 0.13129124770293
50 0.72425632004258 0.36320568391153 0.04027650764398 0.13129124770293
90 0.67802646296151 0.36320568391153 0.05893996327491 0.13129124770293
800 0.62246489625067 0.36320568391153 0.05893992690354 0.13129124770293
700 0.55070710711996 0.36320568391153 0.03276731244796 0.13129124770293
900 0.47894933617494 0.36320568391153 0.05893996327491 0.13129124770293
900 0.36482269198311 0.36320568391153 0.05893996327491 0.13129124770293
60 0.27810130591845 0.36320568391153 0.06269454268724 0.13129124770293
60 0.21878510523823 0.36320568391153 0.06269461542996 0.13129124770293
700 0.14675896819265 0.36320568391153 0.029549392494 0.13129124770293
8 0.88284188147418 0.46570193015777 0.06269461542996 0.13129124770293
900 0.79612047722384 0.46570193015777 0.05893992690354 0.13129124770293
600 0.70939909115918 0.46570193015777 0.0626945790586 0.13129124770293
300 0.61329194761958 0.46570193015777 0.07771136911068 0.13129124770293
40 0.54276674760342 0.46570193015777 0.07009578767841 0.13129124770293
60 0.47974994261329 0.46570193015777 0.0626945790586 0.13129124770293
30 0.42413436442866 0.46570193015777 0.05529333406742 0.13129124770293
7 0.38348241954935 0.46570193015777 0.03276731244796 0.13129124770293
200 0.3410071600663 0.46570193015777 0.05893996327491 0.13129124770293
300 0.2760598540662 0.46570193015777 0.07771140548204 0.13129124770293
200 0.21111256625179 0.46570193015777 0.05893992690354 0.13129124770293
10 0.1702462849314 0.46570193015777 0.029549392494 0.13129124770293
300 0.87533348644814 0.56819817640402 0.07771140548204 0.13129124770293
4 0.78110363261472 0.56819817640402 0.05893996327491 0.13129124770293
90 0.6962595544419 0.56819817640402 0.05893992690354 0.13129124770293
4 0.64069798773105 0.56819817640402 0.05893996327491 0.13129124770293
100 0.55209927558886 0.56819817640402 0.06644919484229 0.13129124770293
2 0.4909057670168 0.56819817640402 0.0626945790586 0.13129124770293
1 0.42971227663041 0.56819817640402 0.06644915847093 0.13129124770293
20 0.37039609413587 0.56819817640402 0.05893996327491 0.13129124770293
800 0.31483452742503 0.56819817640402 0.05893992690354 0.13129124770293
10 0.24468566189994 0.56819817640402 0.029549392494 0.13129124770293
300 0.87533348644814 0.67069442265027 0.07771140548204 0.13129124770293
80 0.78110363261472 0.67069442265027 0.05893996327491 0.13129124770293
400 0.71808684581027 0.67069442265027 0.07385036709074 0.13129124770293
40 0.6202096353421 0.67069442265027 0.07009578767841 0.13129124770293
40 0.55349224422774 0.67069442265027 0.07009575130705 0.13129124770293
6 0.50543909072862 0.67069442265027 0.03276731244796 0.13129124770293
9 0.45920921546188 0.67069442265027 0.06644919484229 0.13129124770293
60 0.39801572507549 0.67069442265027 0.06269454268724 0.13129124770293
4 0.3405768504728 0.67069442265027 0.05893996327491 0.13129124770293
4 0.25734165953423 0.67069442265027 0.05572207969232 0.13129124770293
600 0.88284188147418 0.77319066889651 0.06269461542996 0.13129124770293
2 0.79424316933199 0.77319066889651 0.06269454268724 0.13129124770293
4 0.73680431291498 0.77319066889651 0.05893992690354 0.13129124770293
1 0.67748813042045 0.77319066889651 0.06644919484229 0.13129124770293
90 0.61817192974023 0.77319066889651 0.05893996327491 0.13129124770293
400 0.55515514293578 0.77319066889651 0.07385036709074 0.13129124770293
400 0.4554005882044 0.77319066889651 0.07385040346211 0.13129124770293
30 0.39420709781802 0.77319066889651 0.05529333406742 0.13129124770293
300 0.33108310642166 0.77319066889651 0.07771140548204 0.13129124770293
6 0.27922212583504 0.77319066889651 0.03276731244796 0.13129124770293
80 0.23674684816631 0.77319066889651 0.05893999964627 0.13129124770293
7 0.19588053047455 0.77319066889651 0.029549392494 0.13129124770293
30 0.88654252215545 0.87568691514276 0.05529333406742 0.13129124770293
7 0.84589057727615 0.87568691514276 0.03276731244796 0.13129124770293
10 0.81650164320657 0.87568691514276 0.03276731244796 0.13129124770293
2 0.77214909401735 0.87568691514276 0.06269454268724 0.13129124770293
8 0.71283291152282 0.87568691514276 0.0626945790586 0.13129124770293
7 0.63919779631458 0.87568691514276 0.03276731244796 0.13129124770293
30 0.59854585143528 0.87568691514276 0.05529333406742 0.13129124770293
700 0.55789390655597 0.87568691514276 0.03276731244796 0.13129124770293
900 0.48613613561095 0.87568691514276 0.05893996327491 0.13129124770293
6 0.41437834648024 0.87568691514276 0.03276727607659 0.13129124770293
20 0.37190310518287 0.87568691514276 0.05893996327491 0.13129124770293
7 0.30014533423785 0.87568691514276 0.03276731244796 0.13129124770293
800 0.25927901654609 0.87568691514276 0.05572207969232 0.13129124770293
