80 0.88471920755171 0.15821319141903 0.05893996327491 0.13129124770293
800 0.82915762265518 0.15821319141903 0.05893996327491 0.13129124770293
5 0.74055889232731 0.15821319141903 0.06644915847093 0.13129124770293
7 0.69432905343193 0.15821319141903 0.03276727607659 0.13129124770293
50 0.66118552176434 0.15821319141903 0.04027654401534 0.13129124770293
7 0.62804198100392 0.15821319141903 0.03276729426227 0.13129124770293
5 0.55252958518236 0.15821319141903 0.06644919484229 0.13129124770293
100 0.48945878690413 0.15821319141903 0.06644915847093 0.13129124770293
50 0.43947431403938 0.15821319141903 0.04027654401534 0.13129124770293
8 0.39297609085776 0.15821319141903 0.05947665910465 0.13129124770293
90 0.88471922573739 0.26070943766528 0.05893992690354 0.13129124770293
4 0.82915765902655 0.26070943766528 0.05893996327491 0.13129124770293
3 0.75364523592647 0.26070943766528 0.04027654401534 0.13129124770293
1 0.6743781970427 0.26070943766528 0.06644919484229 0.13129124770293
5 0.5820248873025 0.26070943766528 0.06644915847093 0.13129124770293
700 0.53579503022144 0.26070943766528 0.03276731244796 0.13129124770293
20 0.43475471144308 0.26070943766528 0.05893996327491 0.13129124770293
2 0.37731583684039 0.26070943766528 0.06269454268724 0.13129124770293
700 0.33296328765117 0.26070943766528 0.03276731244796 0.13129124770293
200 0.26281449486881 0.26070943766528 0.05572200694959 0.13129124770293
1 0.8809646099537 0.36320568391153 0.06644915847093 0.13129124770293
60 0.81977111956732 0.36320568391153 0.0626945790586 0.13129124770293
90 0.76233222677894 0.36320568391153 0.05893996327491 0.13129124770293
7 0.71985696729589 0.36320568391153 0.03276731244796 0.13129124770293
80 0.67738172599852 0.36320568391153 0.05893992690354 0.13129124770293
5 0.61806554350398 0.36320568391153 0.06644919484229 0.13129124770293
70 0.55874936100944 0.36320568391153 0.05893992690354 0.13129124770293
4 0.47390524646527 0.36320568391153 0.05893996327491 0.13129124770293
500 0.41834367975442 0.36320568391153 0.05893992690354 0.13129124770293
8 0.33323121729537 0.36320568391153 0.05947665910465 0.13129124770293
90 0.88471922573739 0.46570193015777 0.05893992690354 0.13129124770293
4 0.82915765902655 0.46570193015777 0.05893996327491 0.13129124770293
1 0.74055892869868 0.46570193015777 0.06644915847093 0.13129124770293
7 0.69432907161761 0.46570193015777 0.03276731244796 0.13129124770293
200 0.65185381213456 0.46570193015777 0.05893996327491 0.13129124770293
1 0.59253762964002 0.46570193015777 0.06644915847093 0.13129124770293
20 0.50393889931215 0.46570193015777 0.05893996327491 0.13129124770293
6 0.43218112836713 0.46570193015777 0.03276731244796 0.13129124770293
30 0.39152916530214 0.46570193015777 0.05529337043878 0.13129124770293
10 0.35087722042283 0.46570193015777 0.03276727607659 0.13129124770293
7 0.32309726451591 0.46570193015777 0.029549392494 0.13129124770293
4 0.88471922573739 0.56819817640402 0.05893992690354 0.13129124770293
70 0.79987511119321 0.56819817640402 0.05893996327491 0.13129124770293
8 0.74243623659052 0.56819817640402 0.06269454268724 0.13129124770293
3 0.69432907161761 0.56819817640402 0.04027654401534 0.13129124770293
50 0.65743090598065 0.56819817640402 0.04027654401534 0.13129124770293
50 0.62053275852937 0.56819817640402 0.04027650764398 0.13129124770293
50 0.58363461107809 0.56819817640402 0.04027654401534 0.13129124770293
30 0.53922803222941 0.56819817640402 0.05529337043878 0.13129124770293
3 0.49482147156641 0.56819817640402 0.04027650764398 0.13129124770293
8 0.4467143065935 0.56819817640402 0.0626945790586 0.13129124770293
800 0.38927543199081 0.56819817640402 0.05893992690354 0.13129124770293
6 0.31751764286011 0.56819817640402 0.03276731244796 0.13129124770293
2 0.27477403546218 0.56819817640402 0.05947665910465 0.13129124770293
3 0.89405088081013 0.67069442265027 0.04027661675807 0.13129124770293
40 0.84224307515595 0.67069442265027 0.07009575130705 0.13129124770293
200 0.78110361442903 0.67069442265027 0.05893992690354 0.13129124770293
900 0.72554206590387 0.67069442265027 0.05893992690354 0.13129124770293
5 0.63694337194736 0.67069442265027 0.06644919484229 0.13129124770293
100 0.57387257366913 0.67069442265027 0.06644915847093 0.13129124770293
500 0.51455639117459 0.67069442265027 0.05893996327491 0.13129124770293
4 0.40042974698276 0.67069442265027 0.05893996327491 0.13129124770293
70 0.34486818027192 0.67069442265027 0.05893992690354 0.13129124770293
4 0.28930659537539 0.67069442265027 0.05893999964627 0.13129124770293
500 0.23535393408447 0.67069442265027 0.05572207969232 0.13129124770293
7 0.89780553296519 0.77319066889651 0.03276731244796 0.13129124770293
1 0.85157565769844 0.77319066889651 0.06644919484229 0.13129124770293
800 0.79225945701822 0.77319066889651 0.05893996327491 0.13129124770293
500 0.67813284919776 0.77319066889651 0.05893996327491 0.13129124770293
7 0.60637506915989 0.77319066889651 0.03276729426227 0.13129124770293
10 0.57698614418316 0.77319066889651 0.03276731244796 0.13129124770293
800 0.53451090288579 0.77319066889651 0.05893992690354 0.13129124770293
5 0.41823860288724 0.77319066889651 0.0632313112597 0.13129124770293
100 0.88096457358234 0.87568691514276 0.06644923121365 0.13129124770293
4 0.82164837290212 0.87568691514276 0.05893992690354 0.13129124770293
80 0.76608682437695 0.87568691514276 0.05893992690354 0.13129124770293
80 0.71052527585179 0.87568691514276 0.05893992690354 0.13129124770293
4 0.65496370914094 0.87568691514276 0.05893996327491 0.13129124770293
70 0.59940212424442 0.87568691514276 0.05893996327491 0.13129124770293
90 0.54384055753357 0.87568691514276 0.05893992690354 0.13129124770293
5 0.48452437503903 0.87568691514276 0.06644919484229 0.13129124770293
5 0.42145355857512 0.87568691514276 0.06644919484229 0.13129124770293
400 0.35468215598698 0.87568691514276 0.07385036709074 0.13129124770293
6 0.30475169459601 0.87568691514276 0.03276731244796 0.13129124770293
8 0.2603991454068 0.87568691514276 0.06269454268724 0.13129124770293
6 0.18837304473258 0.87568691514276 0.029549392494 0.13129124770293
