80 0.88471918936603 0.15821319141904 0.05893999964627 0.13129124770293
50 0.8384892959136 0.15821319141904 0.04027654401534 0.13129124770293
100 0.78850482304885 0.15821319141904 0.06644915847093 0.13129124770293
40 0.72361074653824 0.15821319141904 0.07009575130705 0.13129124770293
200 0.66247128581132 0.15821319141904 0.05893992690354 0.13129124770293
3 0.61624142873026 0.15821319141904 0.04027654401534 0.13129124770293
90 0.5700115716492 0.15821319141904 0.05893992690354 0.13129124770293
5 0.51069538915466 0.15821319141904 0.06644919484229 0.13129124770293
700 0.46446551388791 0.15821319141904 0.03276731244796 0.13129124770293
6 0.40579406835637 0.15821319141904 0.03276731244796 0.13129124770293
4 0.33403627922566 0.15821319141904 0.05893992690354 0.13129124770293
5 0.27472011491681 0.15821319141904 0.06644915847093 0.13129124770293
100 0.21164929845289 0.15821319141904 0.06644923121365 0.13129124770293
600 0.15206471348644 0.15821319141904 0.05947669547601 0.13129124770293
7 0.89780553296519 0.26070943766528 0.03276731244796 0.13129124770293
40 0.84975237946606 0.26070943766528 0.07009575130705 0.13129124770293
1 0.78485830295545 0.26070943766528 0.06644915847093 0.13129124770293
700 0.73862844587439 0.26070943766528 0.03276731244796 0.13129124770293
3 0.67620234818779 0.26070943766528 0.04027654401534 0.13129124770293
100 0.62621787532303 0.26070943766528 0.06644915847093 0.13129124770293
3 0.57623340245828 0.26070943766528 0.04027654401534 0.13129124770293
700 0.54308985260501 0.26070943766528 0.03276731244796 0.13129124770293
20 0.47133208165999 0.26070943766528 0.05893996327491 0.13129124770293
5 0.3827333695178 0.26070943766528 0.06644919484229 0.13129124770293
8 0.32153986094573 0.26070943766528 0.0626945790586 0.13129124770293
50 0.27343267778714 0.26070943766528 0.04027654401534 0.13129124770293
500 0.22720282070608 0.26070943766528 0.05893992690354 0.13129124770293
600 0.14209037643271 0.26070943766528 0.05947669547601 0.13129124770293
3 0.89405088081013 0.36320568391153 0.04027661675807 0.13129124770293
400 0.84036576726411 0.36320568391153 0.07385036709074 0.13129124770293
600 0.74618917929152 0.36320568391153 0.06269454268724 0.13129124770293
1 0.65571317744317 0.36320568391153 0.06644919484229 0.13129124770293
900 0.59639699494863 0.36320568391153 0.05893992690354 0.13129124770293
9 0.47851573497311 0.36320568391153 0.06644915847093 0.13129124770293
900 0.38991702283092 0.36320568391153 0.05893992690354 0.13129124770293
30 0.3068962047048 0.36320568391153 0.05529337043878 0.13129124770293
5 0.24940331862832 0.36320568391153 0.06644915847093 0.13129124770293
1 0.18794149851275 0.36320568391153 0.06323123851698 0.13129124770293
600 0.88284188147418 0.46570193015777 0.06269461542996 0.13129124770293
6 0.80920678445163 0.46570193015777 0.03276731244796 0.13129124770293
500 0.73744901350661 0.46570193015777 0.05893996327491 0.13129124770293
80 0.65260489896243 0.46570193015777 0.05893992690354 0.13129124770293
7 0.61012967585074 0.46570193015777 0.03276727607659 0.13129124770293
200 0.56765443455337 0.46570193015777 0.05893996327491 0.13129124770293
90 0.51209286784253 0.46570193015777 0.05893992690354 0.13129124770293
900 0.45653130113168 0.46570193015777 0.05893996327491 0.13129124770293
30 0.37351048300556 0.46570193015777 0.05529333406742 0.13129124770293
6 0.3035760084786 0.46570193015777 0.03276727607659 0.13129124770293
600 0.26083240108068 0.46570193015777 0.05947669547601 0.13129124770293
2 0.88284188147418 0.56819817640402 0.06269461542996 0.13129124770293
800 0.82540298868581 0.56819817640402 0.05893992690354 0.13129124770293
80 0.74055892869868 0.56819817640402 0.05893992690354 0.13129124770293
900 0.68499736198783 0.56819817640402 0.05893996327491 0.13129124770293
4 0.60015324744365 0.56819817640402 0.05893992690354 0.13129124770293
3 0.52464084252925 0.56819817640402 0.04027654401534 0.13129124770293
4 0.47841098544819 0.56819817640402 0.05893992690354 0.13129124770293
5 0.41909480295365 0.56819817640402 0.06644919484229 0.13129124770293
3 0.36911031190322 0.56819817640402 0.04027654401534 0.13129124770293
5 0.31912583903846 0.56819817640402 0.06644915847093 0.13129124770293
40 0.25423176252785 0.56819817640402 0.07009575130705 0.13129124770293
6 0.2077875690057 0.56819817640402 0.029549392494 0.13129124770293
7 0.89780549659382 0.67069442265027 0.03276738519068 0.13129124770293
7 0.86841652615289 0.67069442265027 0.03276731244796 0.13129124770293
8 0.7947814655017 0.67069442265027 0.06269454268724 0.13129124770293
80 0.73734260908469 0.67069442265027 0.05893992690354 0.13129124770293
700 0.69486736778732 0.67069442265027 0.03276731244796 0.13129124770293
9 0.61935499924428 0.67069442265027 0.06644915847093 0.13129124770293
60 0.52887897921025 0.67069442265027 0.06269454268724 0.13129124770293
400 0.46398488451396 0.67069442265027 0.07385040346211 0.13129124770293
200 0.40096809770951 0.67069442265027 0.05893992690354 0.13129124770293
3 0.32545569279511 0.67069442265027 0.04027654401534 0.13129124770293
90 0.27922585389973 0.67069442265027 0.05893989053218 0.13129124770293
7 0.23835959076502 0.67069442265027 0.029549392494 0.13129124770293
400 0.87726400564379 0.77319066889651 0.07385036709074 0.13129124770293
400 0.80679199874575 0.77319066889651 0.07385040346211 0.13129124770293
500 0.74377519375562 0.77319066889651 0.05893996327491 0.13129124770293
400 0.65147587730352 0.77319066889651 0.07385040346211 0.13129124770293
1 0.5847044565297 0.77319066889651 0.06644919484229 0.13129124770293
10 0.50919206980099 0.77319066889651 0.03276731244796 0.13129124770293
10 0.47980313573141 0.77319066889651 0.03276731244796 0.13129124770293
20 0.43732789443404 0.77319066889651 0.05893992690354 0.13129124770293
100 0.3780117119395 0.77319066889651 0.06644919484229 0.13129124770293
3 0.32802723907475 0.77319066889651 0.04027650764398 0.13129124770293
8 0.27992005591616 0.77319066889651 0.06269461542996 0.13129124770293
4 0.22409012310476 0.77319066889651 0.05572200694959 0.13129124770293
50 0.89405088081013 0.87568691514276 0.04027661675807 0.13129124770293
400 0.84036576726411 0.87568691514276 0.07385036709074 0.13129124770293
4 0.77734899864534 0.87568691514276 0.05893992690354 0.13129124770293
400 0.71433223002658 0.87568691514276 0.07385036709074 0.13129124770293
40 0.64573754920606 0.87568691514276 0.07009575130705 0.13129124770293
70 0.58459807029346 0.87568691514276 0.05893996327491 0.13129124770293
400 0.52158128348901 0.87568691514276 0.07385036709074 0.13129124770293
900 0.45856449668457 0.87568691514276 0.05893996327491 0.13129124770293
2 0.37184307424854 0.87568691514276 0.06269454268724 0.13129124770293
40 0.27954375779644 0.87568691514276 0.07009575130705 0.13129124770293
800 0.2200132570465 0.87568691514276 0.05572200694959 0.13129124770293
